Month,National,"Austin, TX","Idaho Falls, ID","Pine Bluff, AR","Shreveport,LA"
2019-01-01,332655,728,55,9,25
2019-02-01,370924,925,58,22,25
2019-03-01,485757,1108,66,18,22
2019-04-01,546067,1267,84,18,29
2019-05-01,641458,1490,120,26,20
2019-06-01,619943,1393,116,19,27
2019-07-01,632572,1362,124,25,37
2019-08-01,624302,1371,139,30,37
2019-09-01,530702,1141,108,11,28
2019-10-01,541778,1146,108,22,33
2019-11-01,479290,983,96,16,27
2019-12-01,510123,1175,90,14,24
2020-01-01,377458,719,79,17,22
2020-02-01,404504,980,71,25,27
2020-03-01,505794,1141,87,22,32
2020-04-01,436303,836,96,20,29
2020-05-01,421763,923,93,16,37
2020-06-01,587913,1323,130,24,33
2020-07-01,703457,1598,128,35,27
2020-08-01,666766,1376,144,31,34
2020-09-01,663828,1368,146,25,28
2020-10-01,675571,1357,144,32,30
2020-11-01,585123,1222,113,19,26
2020-12-01,630938,1380,100,22,25
2021-01-01,433004,884,60,12,50
2021-02-01,437955,889,72,16,42
2021-03-01,588031,1233,78,33,79
2021-04-01,621646,1302,106,20,134
2021-05-01,628936,1386,114,26,276
2021-06-01,726239,1511,119,35,309
2021-07-01,676941,1444,106,24,309
2021-08-01,670249,1345,123,30,250
2021-09-01,636976,1252,98,32,220
2021-10-01,611324,1138,111,28,246
2021-11-01,590814,1163,119,29,202
2021-12-01,595921,1222,109,39,219
2022-01-01,415053,765,79,21,196
2022-02-01,419167,887,88,25,187
2022-03-01,551770,1126,82,34,227
2022-04-01,553617,1192,89,27,234
2022-05-01,592606,1248,80,30,259
2022-06-01,617145,1148,95,45,231
2022-07-01,528004,902,69,32,195
2022-08-01,556428,939,98,30,170
2022-09-01,501173,846,78,28,196
2022-10-01,439446,703,69,30,188
2022-11-01,385896,583,66,25,158
2022-12-01,386044,671,61,26,138
2023-01-01,279393,489,49,19,114
2023-02-01,330820,626,48,18,123
2023-03-01,450533,847,67,33,172
2023-04-01,416081,826,94,31,156
2023-05-01,497990,1094,77,31,205
2023-06-01,525135,1026,97,31,170
2023-07-01,450356,889,90,20,166
2023-08-01,486007,946,91,31,201
2023-09-01,423623,751,92,24,156
2023-10-01,404313,692,70,23,132
2023-11-01,365468,566,58,30,130
2023-12-01,358212,628,60,17,124
2024-01-01,288939,515,44,20,107
2024-02-01,341003,707,70,25,138
2024-03-01,409356,852,73,22,170
2024-04-01,445800,909,72,23,169
